NOOR-3                  
1 57962U 23150A   23300.22011657  .00048011  00000+0  11434-2 0  9990
2 57962  60.0137 238.1698 0010307 325.3358  34.7057 15.41224115  4584
QASED R/B               
1 57963U 23150B   23300.19430337  .00027035  00000+0  70447-3 0  9990
2 57963  60.0183 238.6430 0010037 276.4127  83.5817 15.38734554  4614
STARLINK-30396          
1 57964U 23151A   23299.66667824 -.02049725  00000+0 -45204-1 0  9999
2 57964  42.9997  13.6009 0001488 278.9884 327.6068 15.46575536  5429
STARLINK-30524          
1 57965U 23151B   23299.66667824 -.02049971  00000+0 -44500-1 0  9991
2 57965  42.9996  13.5978 0001428 279.7419 328.1973 15.47028731  5376
STARLINK-30521          
1 57966U 23151C   23299.66667824 -.02049395  00000+0 -43089-1 0  9993
2 57966  42.9997  13.5935 0001637 270.4428 339.6955 15.47934564  5424
STARLINK-30528          
1 57967U 23151D   23299.66667824 -.02049841  00000+0 -43794-1 0  9993
2 57967  42.9997  13.5956 0001510 275.6574 333.4629 15.47481698  5477
STARLINK-30495          
1 57968U 23151E   23299.66667824 -.02050063  00000+0 -42455-1 0  9995
2 57968  42.9996  13.5911 0001760 274.0665 336.9630 15.48363474  5370
STARLINK-30484          
1 57969U 23151F   23299.66667824 -.02160633  00000+0 -44185-1 0  9993
2 57969  42.9997  13.5889 0001831 278.0872 333.5840 15.48906595  5327
STARLINK-30494          
1 57970U 23151G   23299.66667824  .00056412  00000+0  10198-2 0  9998
2 57970  42.9997  13.5875 0001489 275.3690 336.9086 15.48881305  5376
STARLINK-30498          
1 57971U 23151H   23299.66667824  .00019455  00000+0  35705-3 0  9997
2 57971  42.9996  13.5865 0001786 261.9726 350.8857 15.48903120  5322
STARLINK-30505          
1 57972U 23151J   23299.66667824  .00014242  00000+0  26315-3 0  9994
2 57972  42.9997  13.5833 0001707 295.0752 318.9616 15.48906537  5423
STARLINK-30502          
1 57973U 23151K   23299.66667824  .00019135  00000+0  35129-3 0  9994
2 57973  42.9998  13.5871 0001755 279.7924 333.6557 15.48903453  5422
STARLINK-30489          
1 57974U 23151L   23299.66667824 -.01534050  00000+0 -31801-1 0  9997
2 57974  43.0000  13.5742 0001205 270.9464 347.0342 15.47927220  5381
STARLINK-30503          
1 57975U 23151M   23299.66667824 -.01538187  00000+0 -31870-1 0  9999
2 57975  43.0000  13.5713 0001389 277.2582 341.9436 15.47948796  5427
STARLINK-30512          
1 57976U 23151N   23299.66667824 -.01535414  00000+0 -31818-1 0  9992
2 57976  42.9999  13.5734 0001437 271.1184 347.4768 15.47938099  5324
STARLINK-30509          
1 57977U 23151P   23299.66667824 -.02046953  00000+0 -55576-1 0  9996
2 57977  42.9998  13.9160 0001179 289.3611 189.1616 15.40490996  5369
STARLINK-30511          
1 57978U 23151Q   23299.66667824 -.02050338  00000+0 -54043-1 0  9997
2 57978  42.9997  13.8970 0001266 286.2817 199.5584 15.41378785  5415
STARLINK-30508          
1 57979U 23151R   23299.66667824 -.02049868  00000+0 -53227-1 0  9997
2 57979  42.9997  13.8892 0001341 290.1577 199.1075 15.41821552  5371
STARLINK-30504          
1 57980U 23151S   23299.66667824 -.02050281  00000+0 -54853-1 0  9996
2 57980  42.9997  13.9069 0001222 284.6886 197.5705 15.40935808  5426
STARLINK-30510          
1 57981U 23151T   23299.66667824 -.02051552  00000+0 -52482-1 0  9995
2 57981  42.9997  13.8808 0001352 289.1363 203.3984 15.42265462  5374
STARLINK-30507          
1 57982U 23151U   23299.66667824 -.02050560  00000+0 -51675-1 0  9997
2 57982  42.9998  13.8736 0001227 287.3251 208.3244 15.42707235  5411
STARLINK-30515          
1 57983U 23151V   23299.66667824 -.02051091  00000+0 -50916-1 0  9995
2 57983  42.9997  13.8666 0001242 288.3377 210.2699 15.43150417  5365
STARLINK-30516          
1 57984U 23151W   23299.66667824 -.02051933  00000+0 -50173-1 0  9996
2 57984  42.9996  13.8593 0001299 290.5906 210.8192 15.43594008  5428
STARLINK-30519          
1 57985U 23151X   23299.66667824 -.02050574  00000+0 -49385-1 0  9990
2 57985  42.9996  13.8516 0001179 288.3829 215.6744 15.44035589  5364
YAOGAN-39 03A           
1 57986U 23152A   23293.22469582  .00025196  00000+0  10167-2 0  9994
2 57986  34.9968 259.1991 0005804  33.4635  96.3944 15.23872752  2316
CZ-2D R/B               
1 57987U 23152B   23284.61610361  .00043881  00000+0  17661-2 0  9998
2 57987  34.9990 313.3747 0008407 323.4273  36.5959 15.23836801  1008
YAOGAN-39 03B           
1 57988U 23152C   23299.18716649  .00014182  00000+0  57176-3 0  9991
2 57988  34.9958 221.6211 0005338 110.0412  34.2847 15.23993477  3225
CZ-2D DEB               
1 57989U 23152D   23295.31091551  .00047338  00000+0  18279-2 0  9990
2 57989  34.9993 245.9155 0006295  81.4749  47.0850 15.25215178  2646
YAOGAN-39 03C           
1 57990U 23152E   23295.31706227  .00024298  00000+0  97865-3 0  9994
2 57990  34.9962 245.9686 0007983  72.7317  54.9598 15.23927622  2606
STARLINK-30537          
1 57991U 23153A   23299.66667824 -.01661244  00000+0 -17178-1 0  9995
2 57991  42.9997 103.2736 0001397 286.0130 204.2522 15.67002404  4274
STARLINK-30534          
1 57992U 23153B   23299.66667824 -.01662994  00000+0 -17196-1 0  9999
2 57992  42.9997 103.2755 0001502 285.2792 204.3749 15.67004844  4495
STARLINK-30536          
1 57993U 23153C   23299.66667824 -.01661474  00000+0 -17182-1 0  9997
2 57993  43.0000 103.2723 0001307 284.2369 206.6384 15.67001505  4592
STARLINK-30538          
1 57994U 23153D   23299.66667824 -.01663318  00000+0 -17203-1 0  9991
2 57994  43.0001 103.2696 0001467 281.7438 210.3511 15.67000696  4481
STARLINK-30517          
1 57995U 23153E   23299.66667824 -.01662466  00000+0 -17194-1 0  9994
2 57995  43.0000 103.2678 0001486 282.7595 209.9457 15.66999086  4591
STARLINK-30543          
1 57996U 23153F   23299.46652908 -.00298440  00000+0 -12896-2 0  9991
2 57996  42.9985 103.7705 0003088 311.6335  48.4273 15.84671131  4569
STARLINK-30523          
1 57997U 23153G   23299.66667824 -.01662191  00000+0 -17190-1 0  9997
2 57997  43.0000 103.2708 0001422 283.0604 208.4249 15.67000860  4599
STARLINK-30531          
1 57998U 23153H   23299.66667824 -.01660782  00000+0 -17179-1 0  9999
2 57998  43.0001 103.2629 0001298 283.7326 210.8040 15.66994356  4599
STARLINK-30552          
1 57999U 23153J   23299.66667824 -.01660779  00000+0 -17178-1 0  9995
2 57999  43.0001 103.2652 0001331 286.3746 207.5517 15.66995381  4590
STARLINK-30545          
1 58000U 23153K   23299.66667824 -.01660509  00000+0 -17177-1 0  9999
2 58000  43.0001 103.2611 0001252 284.6859 210.4608 15.66993136  4597
STARLINK-30535          
1 58001U 23153L   23299.66667824 -.01662921  00000+0 -17204-1 0  9991
2 58001  43.0003 103.2601 0001356 278.3376 217.4186 15.66993868  4598
STARLINK-30540          
1 58002U 23153M   23299.66667824 -.01663082  00000+0 -17206-1 0  9993
2 58002  43.0004 103.2574 0001538 286.3624 210.6139 15.66991762  4488
STARLINK-30546          
1 58003U 23153N   23299.66667824 -.01663247  00000+0 -17207-1 0  9998
2 58003  43.0003 103.2589 0001539 282.6254 213.7405 15.66993072  4591
STARLINK-30539          
1 58004U 23153P   23299.66667824 -.01662057  00000+0 -17196-1 0  9994
2 58004  43.0003 103.2560 0001453 284.0552 213.5317 15.66989818  4585
STARLINK-30530          
1 58005U 23153Q   23299.66667824 -.01662894  00000+0 -17206-1 0  9996
2 58005  43.0003 103.2529 0001548 284.0317 214.7746 15.66988539  4594
STARLINK-30526          
1 58006U 23153R   23299.66667824  .00386037  00000+0  27348-2 0  9995
2 58006  43.0005 103.2284 0002895 308.3939 200.5296 15.72023150  4589
STARLINK-30527          
1 58007U 23153S   23299.66667824  .00454270  00000+0  27214-2 0  9993
2 58007  42.9993 103.0581 0006310 298.7246 278.1759 15.75713515  4524
STARLINK-30522          
1 58008U 23153T   23299.66667824 -.01662387  00000+0 -17203-1 0  9993
2 58008  43.0003 103.2497 0001431 280.4425 219.5851 15.66985619  4587
STARLINK-30486          
1 58009U 23153U   23299.66667824 -.01662464  00000+0 -17204-1 0  9991
2 58009  43.0002 103.2479 0001503 283.5616 217.0756 15.66984711  4256
STARLINK-30520          
1 58010U 23153V   23299.66667824 -.01659624  00000+0 -17175-1 0  9994
2 58010  43.0002 103.2461 0001226 286.1791 215.0695 15.66981521  4485
STARLINK-30497          
1 58011U 23153W   23299.66667824 -.01661398  00000+0 -17195-1 0  9998
2 58011  43.0003 103.2450 0001333 281.4208 220.4377 15.66981547  4581
STARLINK-30525          
1 58012U 23153X   23299.66667824 -.01659699  00000+0 -17176-1 0  9999
2 58012  43.0005 103.2430 0001421 289.2379 213.2306 15.66979300  4592
KUIPER-P2               
1 58013U 23154A   23299.18265989  .00010590  00000+0  40988-3 0  9991
2 58013  29.9896 329.1004 0015895 148.4418 211.7161 15.24601243  2963
KUIPER-P1               
1 58014U 23154B   23300.16756166  .00017678  00000+0  68529-3 0  9990
2 58014  29.9899 322.5729 0015191 157.7317 202.3968 15.24723416  3114
ATLAS 5 CENTAUR R/B     
1 58015U 23154C   23279.78196957  .00000153  00000+0  00000+0 0  9996
2 58015  29.9500  95.2397 0019000 272.2000 321.4360 15.22383530    05
THEOS-2 (T2V)           
1 58016U 23155A   23300.22192021  .00001667  00000+0  21865-3 0  9997
2 58016  97.9076   9.0093 0001293  86.3495 273.7866 14.81628388  2685
FORMOSAT-7R (TRITON)    
1 58017U 23155B   23300.08629187  .00002713  00000+0  29956-3 0  9992
2 58017  97.9278   9.0692 0000690 340.1953  19.9236 14.88283604  2670
ANSER-FLW2              
1 58018U 23155C   23300.16020405  .00006058  00000+0  50577-3 0  9999
2 58018  97.6723   8.6857 0004599 289.0587  71.0137 14.98904448  2707
ANSER-FLW1              
1 58019U 23155D   23300.15975936  .00006211  00000+0  51785-3 0  9990
2 58019  97.6723   8.6862 0004475 289.7450  70.3290 14.98948188  2704
NESS                    
1 58020U 23155E   23300.15730084  .00010245  00000+0  84493-3 0  9999
2 58020  97.6733   8.6904 0004014 288.1202  71.9584 14.99209050  2703
CSC 2                   
1 58021U 23155F   23300.15585196  .00004246  00000+0  35302-3 0  9991
2 58021  97.6736   8.6937 0001751 326.7126  33.3987 14.99238643  2701
CSC 1                   
1 58022U 23155G   23300.15548774  .00004952  00000+0  41042-3 0  9995
2 58022  97.6728   8.6918 0001760 326.5080  33.6032 14.99280737  2704
PRETTY                  
1 58023U 23155H   23300.21483339  .00010620  00000+0  85855-3 0  9997
2 58023  97.6729   8.7671 0000732 159.3341 200.7912 14.99972103  2713
MACSAT (FINCH 1)        
1 58024U 23155J   23300.21362534  .00009608  00000+0  77551-3 0  9999
2 58024  97.6728   8.7686 0001190 136.6283 223.5035 15.00061871  2714
PVCC                    
1 58025U 23155K   23300.21235148  .00006550  00000+0  52969-3 0  9999
2 58025  97.6725   8.7701 0002442 175.1770 184.9478 15.00113058  2716
STARLINK-30514          
1 58028U 23156A   23299.66667824 -.00723266  00000+0 -50663-2 0  9999
2 58028  53.0509 135.7119 0000814  67.6016 249.8007 15.75526558  3926
STARLINK-30518          
1 58029U 23156B   23299.66667824 -.00721684  00000+0 -50500-2 0  9992
2 58029  53.0505 135.7105 0000863  67.9184 249.9911 15.75545340  3937
STARLINK-30549          
1 58030U 23156C   23299.66667824 -.00735598  00000+0 -51977-2 0  9992
2 58030  53.0505 135.7053 0000983  66.8783 253.4009 15.75361332  3606
STARLINK-30556          
1 58031U 23156D   23299.66667824 -.00746209  00000+0 -53117-2 0  9992
2 58031  53.0506 135.7027 0001005  69.1546 252.5086 15.75222476  3923
STARLINK-30561          
1 58032U 23156E   23299.66667824 -.00756388  00000+0 -54231-2 0  9990
2 58032  53.0510 135.7004 0001054  66.8879 256.0806 15.75085880  3926
STARLINK-30562          
1 58033U 23156F   23299.66667824 -.00774440  00000+0 -56242-2 0  9994
2 58033  53.0508 135.6955 0001009  71.8087 253.4637 15.74843369  3921
STARLINK-30565          
1 58034U 23156G   23299.66667824 -.00786349  00000+0 -57595-2 0  9998
2 58034  53.0508 135.6915 0001002  60.4167 266.7067 15.74681818  3927
STARLINK-30438          
1 58035U 23156H   23299.66667824 -.00782243  00000+0 -57149-2 0  9993
2 58035  53.0507 135.6933 0000917  83.9949 242.3345 15.74729190  3609
STARLINK-30437          
1 58036U 23156J   23299.66667824 -.00803377  00000+0 -59623-2 0  9995
2 58036  53.0511 135.6875 0000934  62.5382 266.6210 15.74427906  3816
STARLINK-30533          
1 58037U 23156K   23299.66667824 -.00796695  00000+0 -58802-2 0  9998
2 58037  53.0508 135.6891 0001009  81.5178 246.7077 15.74535012  3929
STARLINK-30560          
1 58038U 23156L   23299.66667824 -.00770617  00000+0 -55809-2 0  9999
2 58038  53.0512 135.6981 0001078  75.0112 249.4239 15.74895750  3677
STARLINK-30559          
1 58039U 23156M   23299.66667824 -.00806799  00000+0 -60149-2 0  9994
2 58039  53.0512 135.6849 0001091  74.2656 256.3911 15.74332311  3921
STARLINK-30555          
1 58040U 23156N   23299.66667824 -.00735824  00000+0 -52006-2 0  9999
2 58040  53.0515 135.7087 0000861  65.8449 253.8306 15.75357194  3928
STARLINK-30542          
1 58041U 23156P   23299.66667824 -.00804484  00000+0 -60003-2 0  9995
2 58041  53.0513 135.6861 0000833  61.6354 268.4274 15.74317807  3926
STARLINK-30563          
1 58042U 23156Q   23299.66667824 -.00815714  00000+0 -61740-2 0  9993
2 58042  53.0514 135.6794 0000951  71.0212 262.1709 15.74011302  3927
STARLINK-30564          
1 58043U 23156R   23299.66667824 -.00811982  00000+0 -60882-2 0  9993
2 58043  53.0514 135.6831 0000709  63.5428 268.0029 15.74218833  3935
STARLINK-30547          
1 58044U 23156S   23299.66667824 -.00827363  00000+0 -62576-2 0  9996
2 58044  53.0513 135.6804 0000866  76.5018 255.9877 15.74061239  3929
STARLINK-30550          
1 58045U 23156T   23299.66667824 -.00819548  00000+0 -62305-2 0  9993
2 58045  53.0514 135.6779 0001234  72.3546 261.6083 15.73918027  3920
STARLINK-30548          
1 58046U 23156U   23299.66667824 -.00792859  00000+0 -60432-2 0  9998
2 58046  53.0516 135.6765 0001269  62.5664 272.1803 15.73783848  3870
STARLINK-30529          
1 58047U 23156V   23299.66667824 -.00343179  00000+0 -25154-2 0  9998
2 58047  53.0514 135.6729 0001284  79.9812 256.2375 15.73438529  3660
STARLINK-30554          
1 58048U 23156W   23299.66667824 -.00550331  00000+0 -41078-2 0  9992
2 58048  53.0514 135.6742 0001048  77.3449 258.1539 15.73597286  3829
PSYCHE                  
1 58049U 23157A   23286.60289039  .00001209 -37902-5  00000+0 0  9990
2 58049  30.0000  47.5426 0467200 123.5100 359.9800 15.29658471    02
FALCON HEAVY R/B        
1 58050U 23157B   23286.60289039  .00001209 -37902-5  00000+0 0  9992
2 58050  30.0000  47.5426 0467200 123.5100 359.9800 15.29658471    04
STARLINK-30568          
1 58051U 23158A   23299.66667824 -.00693577  00000+0 -31789-2 0  9996
2 58051  42.9985  65.7905 0001667 277.3950  69.4036 15.84405715  3071
STARLINK-30575          
1 58052U 23158B   23299.66667824 -.00699287  00000+0 -32074-2 0  9999
2 58052  42.9986  65.7864 0001669 276.9117  71.6794 15.84404259  3224
STARLINK-30577          
1 58053U 23158C   23299.66667824 -.00724017  00000+0 -33333-2 0  9999
2 58053  42.9984  65.7656 0001518 283.5663  73.2085 15.84386798  3223
STARLINK-30566          
1 58054U 23158D   23299.66667824 -.00730760  00000+0 -33680-2 0  9997
2 58054  42.9984  65.7594 0001735 285.7128  73.4178 15.84378526  3232
STARLINK-30544          
1 58055U 23158E   23299.66667824 -.00756156  00000+0 -34997-2 0  9997
2 58055  42.9983  65.7395 0001765 286.4303  80.5691 15.84351976  3180
STARLINK-30553          
1 58056U 23158F   23299.66667824 -.00762365  00000+0 -35319-2 0  9996
2 58056  42.9981  65.7403 0001549 276.0573  90.7598 15.84348390  3234
STARLINK-30541          
1 58057U 23158G   23299.66667824 -.00743324  00000+0 -34331-2 0  9994
2 58057  42.9983  65.7524 0001483 282.6454  79.4169 15.84367219  3238
STARLINK-30573          
1 58058U 23158H   23299.66667824 -.00754643  00000+0 -34902-2 0  9995
2 58058  42.9985  65.7473 0001663 272.5691  91.4711 15.84364069  3232
STARLINK-30582          
1 58059U 23158J   23299.66667824 -.00765173  00000+0 -35470-2 0  9997
2 58059  42.9985  65.7339 0001636 285.2152  84.0414 15.84342166  3239
STARLINK-30558          
1 58060U 23158K   23299.66667824 -.00706812  00000+0 -32458-2 0  9997
2 58060  42.9990  65.7810 0001452 281.0035  69.9517 15.84399142  3233
STARLINK-30579          
1 58061U 23158L   23299.66667824 -.00772859  00000+0 -35885-2 0  9999
2 58061  42.9985  65.7278 0001691 282.3630  89.5908 15.84326147  3233
STARLINK-30588          
1 58062U 23158M   23299.66667824 -.00806574  00000+0 -37683-2 0  9990
2 58062  42.9983  65.7061 0001693 274.4732 106.0343 15.84278764  3238
STARLINK-30585          
1 58063U 23158N   23299.66667824 -.00795156  00000+0 -37071-2 0  9995
2 58063  42.9986  65.7128 0001551 276.1784 101.7099 15.84296469  3237
STARLINK-30587          
1 58064U 23158P   23299.66667824 -.00782510  00000+0 -36385-2 0  9993
2 58064  42.9987  65.7235 0001636 271.2418 102.5748 15.84320207  3139
STARLINK-30576          
1 58065U 23158Q   23299.66667824 -.00720603  00000+0 -33143-2 0  9998
2 58065  42.9992  65.7746 0001913 264.7562  88.9369 15.84395747  3135
STARLINK-30571          
1 58066U 23158R   23299.66667824 -.00726590  00000+0 -33467-2 0  9999
2 58066  42.9993  65.7676 0001569 279.5866  76.8949 15.84382903  3238
STARLINK-30567          
1 58067U 23158S   23299.66667824 -.00783192  00000+0 -36437-2 0  9991
2 58067  42.9994  65.7203 0001793 283.6751  91.8757 15.84308897  3238
STARLINK-30569          
1 58068U 23158T   23299.66667824 -.00809952  00000+0 -37872-2 0  9999
2 58068  42.9987  65.7027 0001580 277.2484 104.7494 15.84270869  3230
STARLINK-30480          
1 58069U 23158U   23299.66667824 -.00821264  00000+0 -38500-2 0  9999
2 58069  42.9988  65.6951 0001388 281.4639 103.4138 15.84246484  3239
STARLINK-30532          
1 58070U 23158V   23299.66667824 -.00831457  00000+0 -39050-2 0  9997
2 58070  42.9986  65.6896 0001691 275.6677 111.4886 15.84229925  3231
STARLINK-30513          
1 58071U 23158W   23299.66667824 -.00831591  00000+0 -39069-2 0  9997
2 58071  42.9983  65.6872 0001363 281.9269 106.1925 15.84226539  3239
STARLINK-30506          
1 58072U 23158X   23299.66667824 -.00841118  00000+0 -39597-2 0  9990
2 58072  42.9985  65.6808 0001502 281.8560 108.6368 15.84206166  3073
YUNHAI 1-04             
1 58073U 23159A   23299.17256142  .00009271  00000+0  33862-2 0  9998
2 58073  98.5906 322.0447 0000035 330.0364 119.9515 14.33198798  1590
CZ-2D R/B               
1 58074U 23159B   23293.89697509  .00000159  00000+0  76547-4 0  9993
2 58074  98.5175 316.5814 0098745 265.4654  93.5244 14.28639726   841
STARLINK-30604          
1 58075U 23160A   23299.66667824 -.00751724  00000+0 -29533-2 0  9998
2 58075  42.9996 119.5138 0001976 268.4881 151.3985 15.87672038  2555
STARLINK-30500          
1 58076U 23160B   23299.66667824 -.00749501  00000+0 -29445-2 0  9991
2 58076  42.9994 119.5137 0001886 271.0715 149.0086 15.87668268  2555
STARLINK-30613          
1 58077U 23160C   23299.66667824 -.00757878  00000+0 -29742-2 0  9998
2 58077  42.9995 119.5083 0001651 275.4414 146.6919 15.87710957  2226
STARLINK-30597          
1 58078U 23160D   23299.66667824 -.00767031  00000+0 -30073-2 0  9990
2 58078  42.9999 119.5036 0001681 272.5475 151.4784 15.87750193  2597
STARLINK-30598          
1 58079U 23160E   23299.66667824 -.00776156  00000+0 -30384-2 0  9994
2 58079  42.9996 119.4975 0001770 272.4096 154.0980 15.87800744  2554
STARLINK-30603          
1 58080U 23160F   23299.66667824 -.00778842  00000+0 -30467-2 0  9992
2 58080  43.0000 119.4943 0001405 276.3570 151.4976 15.87824615  2553
STARLINK-30602          
1 58081U 23160G   23299.66667824 -.00800498  00000+0 -31261-2 0  9999
2 58081  43.0000 119.4837 0001583 269.1851 162.6473 15.87906054  2593
STARLINK-30610          
1 58082U 23160H   23299.66667824 -.00788784  00000+0 -30819-2 0  9991
2 58082  43.0000 119.4886 0001836 277.4837 152.5012 15.87867128  2590
STARLINK-30551          
1 58083U 23160J   23299.66667824 -.00807876  00000+0 -31503-2 0  9997
2 58083  42.9999 119.4779 0001759 273.3554 160.8232 15.87950275  2594
STARLINK-30586          
1 58084U 23160K   23299.66667824 -.00814362  00000+0 -31722-2 0  9999
2 58084  43.0000 119.4729 0001725 277.0371 159.1051 15.87986597  2592
STARLINK-30609          
1 58085U 23160L   23299.66667824 -.00827890  00000+0 -32200-2 0  9992
2 58085  43.0000 119.4643 0001623 275.0460 164.4773 15.88048503  2599
STARLINK-30583          
1 58086U 23160M   23299.66667824 -.00838533  00000+0 -32578-2 0  9997
2 58086  43.0001 119.4584 0001855 278.8636 162.9796 15.88092326  2598
STARLINK-30557          
1 58087U 23160N   23299.66667824 -.00819174  00000+0 -31889-2 0  9992
2 58087  43.0003 119.4697 0001658 276.0919 161.4391 15.88010902  2596
STARLINK-30591          
1 58088U 23160P   23299.66667824 -.00857063  00000+0 -33252-2 0  9998
2 58088  43.0002 119.4491 0001632 270.1609 175.5392 15.88164038  2598
STARLINK-30584          
1 58089U 23160Q   23299.66667824 -.00859445  00000+0 -33300-2 0  9999
2 58089  43.0002 119.4446 0001866 283.4769 164.1330 15.88193556  2551
STARLINK-30590          
1 58090U 23160R   23299.66667824 -.00844134  00000+0 -32764-2 0  9993
2 58090  43.0004 119.4546 0001829 283.5879 160.0963 15.88124447  2592
STARLINK-30608          
1 58091U 23160S   23299.66667824 -.00855784  00000+0 -33136-2 0  9991
2 58091  43.0002 119.4423 0001320 281.4795 167.0940 15.88203776  2556
STARLINK-30615          
1 58092U 23160T   23299.66667824 -.00879427  00000+0 -34022-2 0  9997
2 58092  42.9995 119.4332 0001656 274.4358 177.7650 15.88271529  2551
STARLINK-30578          
1 58093U 23160U   23299.66667824 -.00872110  00000+0 -33757-2 0  9994
2 58093  43.0001 119.4366 0001442 281.5632 169.1447 15.88246363  2553
STARLINK-30574          
1 58094U 23160V   23299.66667824 -.00894320  00000+0 -34575-2 0  9991
2 58094  43.0002 119.4266 0001923 269.8389 184.7347 15.88315992  2597
STARLINK-30570          
1 58095U 23160W   23299.66667824 -.00904168  00000+0 -34931-2 0  9990
2 58095  42.9999 119.4206 0001507 274.3282 182.6796 15.88356721  2552
STARLINK-30581          
1 58096U 23160X   23299.66667824 -.00913845  00000+0 -35274-2 0  9994
2 58096  43.0001 119.4151 0001859 280.6108 178.5708 15.88392503  2594
STARLINK A              
1 58097U 23161A   23299.66667824 -.00790282  00000+0 -28094-2 0  9996
2 58097  53.0565 218.1676 0000852  81.7836 322.7928 15.89977098  1955
STARLINK B              
1 58098U 23161B   23299.66667824 -.00785664  00000+0 -27927-2 0  9999
2 58098  53.0569 218.1672 0000600  83.6436 321.1026 15.89970840  1954
STARLINK C              
1 58099U 23161C   23299.66667824 -.00799737  00000+0 -28293-2 0  9993
2 58099  53.0564 218.1633 0000512  95.0902 311.5695 15.90094874  1696
STARLINK D              
1 58100U 23161D   23299.66667824 -.00795066  00000+0 -28181-2 0  9993
2 58100  53.0565 218.1648 0000681  87.6056 318.2527 15.90046405  1954
STARLINK E              
1 58101U 23161E   23299.66667824 -.00803726  00000+0 -28390-2 0  9999
2 58101  53.0566 218.1620 0000597  90.5715 316.7678 15.90133291  1957
STARLINK F              
1 58102U 23161F   23299.66667824 -.00815785  00000+0 -28716-2 0  9990
2 58102  53.0566 218.1590 0000662  78.9932 329.6772 15.90227007  1955
STARLINK G              
1 58103U 23161G   23299.66667824 -.00821296  00000+0 -28830-2 0  9992
2 58103  53.0567 218.1573 0000661  86.5341 323.1486 15.90293053  1951
STARLINK H              
1 58104U 23161H   23299.66667824 -.00829569  00000+0 -29049-2 0  9997
2 58104  53.0567 218.1551 0000538  92.9063 317.7898 15.90359932  1958
STARLINK J              
1 58105U 23161J   23299.66667824 -.00837618  00000+0 -29237-2 0  9991
2 58105  53.0568 218.1526 0000545  82.8876 328.9920 15.90439841  1958
STARLINK K              
1 58106U 23161K   23299.66667824 -.00842978  00000+0 -29380-2 0  9996
2 58106  53.0568 218.1513 0000593  94.8692 317.7149 15.90480336  1805
STARLINK L              
1 58107U 23161L   23299.66667824 -.00854420  00000+0 -29663-2 0  9996
2 58107  53.0570 218.1483 0000688  83.5977 330.3996 15.90580268  1953
STARLINK M              
1 58108U 23161M   23299.66667824 -.00859188  00000+0 -29808-2 0  9994
2 58108  53.0570 218.1473 0000467 112.3920 302.1230 15.90605868  1959
STARLINK N              
1 58109U 23161N   23299.66667824 -.00864526  00000+0 -29907-2 0  9997
2 58109  53.0571 218.1453 0000567  90.3556 325.1969 15.90672515  1957
STARLINK P              
1 58110U 23161P   23299.66667824 -.00871519  00000+0 -30077-2 0  9999
2 58110  53.0572 218.1434 0000672  79.9273 336.5719 15.90733221  1956
STARLINK Q              
1 58111U 23161Q   23299.66667824 -.00970963  28681-3 -30344-2 0  9999
2 58111  53.0573 218.1411 0000527  94.1005 323.5449 15.90810395  1958
STARLINK R              
1 58112U 23161R   23299.66667824 -.00978683  29112-3 -30491-2 0  9990
2 58112  53.0571 218.1390 0000589  91.2258 327.3897 15.90872031  2066
STARLINK S              
1 58113U 23161S   23299.66667824 -.00990182  29754-3 -30743-2 0  9991
2 58113  53.0571 218.1367 0000523 102.0195 317.6492 15.90941546  1958
STARLINK T              
1 58114U 23161T   23299.66667824 -.01006210  30660-3 -31088-2 0  9994
2 58114  53.0572 218.1338 0000471 115.1372 305.9333 15.91040051  1958
STARLINK U              
1 58115U 23161U   23299.66667824 -.01014699  31150-3 -31247-2 0  9997
2 58115  53.0571 218.1315 0000473 102.3801 319.7152 15.91105857  1958
STARLINK V              
1 58116U 23161V   23299.66667824 -.01024927  31740-3 -31464-2 0  9999
2 58116  53.0572 218.1295 0000467 122.6947 300.3731 15.91168252  1953
STARLINK W              
1 58117U 23161W   23299.66667824 -.01038513  32536-3 -31734-2 0  9990
2 58117  53.0571 218.1268 0000462 104.5545 319.8579 15.91260639  1958
YAOGAN-39 04A           
1 58141U 23163A   23299.73123689 -.00000037  00000+0  00000+0 0  9997
2 58141  34.9965 290.0831 0007631 283.4048 243.0959 15.23040139   444
CZ-2D R/B               
1 58142U 23163B   23300.22486628  .00024003  00000+0  98401-3 0  9994
2 58142  35.0076 287.0196 0010334 233.6854 126.2907 15.23316284   516
YAOGAN-39 04B           
1 58143U 23163C   23297.43281704 -.00000037  00000+0  00000+0 0  9997
2 58143  34.9975 304.5376 0009090 273.5455 230.7754 15.23369027    81
CZ-2D DEB               
1 58144U 23163D   23299.43801904  .00031685  00000+0  12893-2 0  9998
2 58144  34.9976 291.9172 0009425 293.6334  66.3401 15.23525965   398
YAOGAN-39 04C           
1 58145U 23163E   23299.73011484 -.00000037  00000+0  00000+0 0  9990
2 58145  34.9894 290.0740 0010688 306.2125 220.1638 15.23624319   442
SHENZHOU-17 (SZ-17)     
1 58146U 23164A   23299.43701205  .00023280  00000+0  27986-3 0  9996
2 58146  41.4711  76.7859 0004816 329.8861  30.1700 15.60292320142358
2023-164B               
1 58147U 23164B   23299.80655263  .05848651  74357-5  43087-2 0  9993
2 58147  41.4792  74.3013 0107589 127.2032 234.1347 16.02926108   110
